573
782
19
531
78
53
534
318
812
332
715
723
104
644
231
374
197
577
485
254
65
604
122
571
839
133
668
683
123
542
633
378
711
521
806
175
703
641
286
660
878
237
873
458
376
480
550
808
255
609
628
369
548
284
607
73
250
515
508
800
313
162
375
482
301
867
659
698
680
27
165
535
638
740
349
382
801
765
228
562
49
796
76
799
749
6
882
44
518
18
399
487
347
330
616
523
307
381
429
536
180
428
361
559
484
61
629
84
719
767
763
293
102
32
239
507
397
666
185
305
198
355
211
744
866
754
215
858
268
302
137
166
505
348
596
249
37
367
136
774
60
70
669
196
90
665
193
174
652
398
503
785
617
146
91
42
333
1
802
689
139
253
883
403
387
827
179
340
585
21
737
13
436
2
459
154
151
712
143
161
851
697
9
860
132
264
681
738
409
675
538
823
634
871
564
111
212
200
68
119
637
172
606
595
815
178
164
182
389
411
862
57
173
20
481
449
300
452
433
464
580
768
205
160
732
718
426
875
688
649
756
654
190
393
755
372
730
769
4
245
576
499
204
807
421
186
379
46
176
226
72
141
290
131
554
624
420
377
589
835
163
779
583
727
492
208
685
778
783
764
8
477
89
467
597
308
344
79
847
651
416
443
672
202
874
670
140
422
793
541
775
600
578
334
292
761
105
566
62
319
85
363
830
551
256
587
517
495
277
145
848
582
565
547
581
187
357
408
857
726
127
298
100
543
496
159
280
81
610
661
405
218
537
500
852
557
519
317
640
795
846
431
673
40
461
96
855
184
269
194
598
479
240
153
423
7
108
699
790
384
435
613
690
263
191
456
309
283
491
446
279
530
388
511
662
392
526
15
274
489
28
246
321
10
77
759
312
750
831
483
66
454
509
514
545
728
854
414
227
653
192
327
12
427
510
235
695
25
671
664
709
23
276
48
41
223
238
471
439
434
126
717
648
299
92
704
546
789
621
773
448
804
794
43
354
339
121
696
746
809
470
663
432
469
88
56
86
291
296
207
781
772
636
876
687
365
217
579
80
529
346
110
385
216
745
33
691
615
442
811
656
739
36
430
82
71
762
678
315
195
879
395
455
157
101
544
402
601
856
466
553
771
87
512
69
118
520
834
646
650
822
627
391
880
777
3
770
109
115
805
792
708
705
788
832
568
177
147
371
865
574
93
130
171
844
97
316
117
826
323
213
843
549
220
445
262
83
38
743
733
493
786
605
614
849
757
881
752
243
475
558
201
156
676
813
418
714
417
14
0
645
797
394
247
533
620
410
331
674
424
234
552
152
412
203
328
447
351
128
462
34
490
380
383
569
527
635
35
468
486
863
266
233
50
189
103
497
702
810
643
209
149
473
845
833
5
63
729
639
657
297
326
396
869
753
325
570
864
555
751
232
31
11
803
358
460
324
322
766
337
478
655
623
731
144
532
257
472
272
437
602
821
591
188
252
593
142
134
820
267
742
567
522
716
225
45
501
311
584
747
632
390
285
563
275
588
386
556
451
278
560
701
498
294
16
265
444
206
540
47
713
341
155
611
55
419
425
818
463
724
828
158
861
282
271
94
261
618
148
248
287
630
506
561
24
817
258
710
798
210
791
241
107
842
465
625
352
359
453
592
214
837
75
707
626
603
181
720
95
513
524
407
295
74
64
706
106
494
877
870
859
168
575
259
22
816
342
647
329
612
622
59
450
310
199
54
67
502
722
116
320
17
692
120
682
658
528
679
586
125
229
244
404
345
222
415
288
572
314
721
124
841
824
401
306
356
406
829
113
631
183
677
289
619
734
304
667
516
52
362
440
850
840
694
29
735
112
748
872
642
350
594
814
360
684
353
693
476
281
303
608
838
787
219
725
364
236
343
776
273
167
700
599
368
457
138
373
825
760
51
114
338
370
819
39
400
251
488
525
150
336
129
784
853
170
221
99
224
335
539
58
230
474
868
260
26
98
836
169
504
758
590
366
441
686
30
135
242
780
736
741
413
270
438
